,COUNTYFP,NEVER,RARELY,SOMETIMES,FREQUENTLY,ALWAYS
0,1001,0.053,0.074,0.134,0.295,0.444
1,1003,0.083,0.059,0.098,0.323,0.436
2,1005,0.067,0.121,0.12,0.201,0.491
3,1007,0.02,0.034,0.096,0.278,0.572
4,1009,0.053,0.114,0.18,0.194,0.459
5,1011,0.031,0.04,0.144,0.286,0.5
6,1013,0.102,0.053,0.257,0.137,0.451
7,1015,0.152,0.108,0.13,0.167,0.442
8,1017,0.117,0.037,0.15,0.136,0.56
9,1019,0.135,0.027,0.161,0.158,0.52
10,1021,0.06,0.07,0.058,0.194,0.618
11,1023,0.049,0.038,0.126,0.219,0.568
12,1025,0.049,0.088,0.164,0.268,0.43
13,1027,0.148,0.158,0.195,0.169,0.329
14,1029,0.151,0.125,0.138,0.217,0.368
15,1031,0.101,0.152,0.094,0.186,0.466
16,1033,0.082,0.096,0.152,0.159,0.51
17,1035,0.099,0.052,0.259,0.192,0.399
18,1037,0.055,0.131,0.167,0.263,0.384
19,1039,0.187,0.128,0.129,0.201,0.356
20,1041,0.06,0.091,0.199,0.233,0.416
21,1043,0.13,0.024,0.249,0.217,0.379
22,1045,0.089,0.113,0.118,0.22,0.46
23,1047,0.095,0.1,0.159,0.122,0.524
24,1049,0.084,0.051,0.106,0.179,0.58
25,1051,0.042,0.095,0.127,0.252,0.485
26,1053,0.114,0.026,0.188,0.285,0.387
27,1055,0.096,0.103,0.178,0.122,0.501
28,1057,0.138,0.048,0.151,0.233,0.429
29,1059,0.065,0.071,0.223,0.156,0.484
30,1061,0.176,0.131,0.089,0.158,0.445
31,1063,0.03,0.053,0.127,0.167,0.623
32,1065,0.026,0.061,0.084,0.191,0.639
33,1067,0.066,0.068,0.17,0.258,0.438
34,1069,0.085,0.079,0.135,0.268,0.433
35,1071,0.092,0.089,0.11,0.249,0.46
36,1073,0.049,0.037,0.107,0.179,0.628
37,1075,0.107,0.045,0.132,0.189,0.527
38,1077,0.093,0.119,0.141,0.179,0.469
39,1079,0.162,0.08,0.088,0.251,0.419
40,1081,0.053,0.064,0.138,0.183,0.562
41,1083,0.102,0.034,0.133,0.336,0.395
42,1085,0.12,0.073,0.145,0.199,0.464
43,1087,0.008,0.033,0.241,0.172,0.545
44,1089,0.062,0.05,0.123,0.177,0.589
45,1091,0.033,0.151,0.118,0.186,0.512
46,1093,0.129,0.064,0.246,0.207,0.353
47,1095,0.075,0.064,0.129,0.253,0.479
48,1097,0.077,0.07,0.102,0.244,0.506
49,1099,0.112,0.041,0.182,0.288,0.378
50,1101,0.056,0.095,0.123,0.212,0.513
51,1103,0.078,0.077,0.082,0.304,0.459
52,1105,0.025,0.084,0.087,0.187,0.618
53,1107,0.031,0.06,0.169,0.157,0.584
54,1109,0.06,0.131,0.145,0.333,0.33
55,1111,0.158,0.226,0.105,0.144,0.368
56,1113,0.069,0.067,0.08,0.213,0.57
57,1115,0.027,0.134,0.144,0.2,0.495
58,1117,0.022,0.075,0.118,0.24,0.545
59,1119,0.055,0.068,0.118,0.197,0.562
60,1121,0.113,0.15,0.208,0.169,0.361
61,1123,0.067,0.095,0.136,0.296,0.406
62,1125,0.041,0.036,0.144,0.247,0.532
63,1127,0.09,0.081,0.145,0.256,0.429
64,1129,0.018,0.077,0.102,0.307,0.495
65,1131,0.061,0.098,0.199,0.187,0.455
66,1133,0.13,0.046,0.328,0.183,0.312
67,2013,0.067,0.032,0.034,0.316,0.551
68,2016,0.078,0.031,0.03,0.337,0.524
69,2020,0.042,0.05,0.049,0.196,0.663
70,2050,0.101,0.022,0.014,0.45,0.413
71,2060,0.048,0.037,0.042,0.308,0.564
72,2068,0.062,0.081,0.067,0.225,0.565
73,2070,0.072,0.025,0.027,0.391,0.484
74,2090,0.094,0.084,0.175,0.234,0.413
75,2100,0.055,0.05,0.123,0.419,0.352
76,2105,0.051,0.064,0.13,0.399,0.356
77,2110,0.051,0.067,0.133,0.396,0.353
78,2122,0.043,0.047,0.051,0.197,0.662
79,2130,0.025,0.149,0.174,0.256,0.396
80,2150,0.042,0.043,0.049,0.233,0.633
81,2158,0.103,0.022,0.007,0.521,0.347
82,2164,0.055,0.036,0.04,0.299,0.571
83,2170,0.042,0.051,0.048,0.198,0.66
84,2180,0.086,0.061,0.009,0.544,0.3
85,2185,0.036,0.059,0.235,0.215,0.455
86,2188,0.035,0.188,0.051,0.474,0.252
87,2195,0.042,0.095,0.148,0.349,0.365
88,2198,0.033,0.125,0.161,0.3,0.38
89,2220,0.048,0.077,0.137,0.381,0.357
90,2230,0.058,0.038,0.116,0.435,0.354
91,2240,0.064,0.071,0.14,0.272,0.453
92,2261,0.04,0.049,0.052,0.197,0.663
93,2275,0.035,0.119,0.16,0.312,0.374
94,2282,0.047,0.012,0.078,0.381,0.481
95,2290,0.044,0.047,0.126,0.425,0.358
96,4001,0.055,0.063,0.031,0.15,0.701
97,4003,0.053,0.025,0.147,0.194,0.581
98,4005,0.039,0.08,0.07,0.11,0.702
99,4007,0.073,0.014,0.03,0.336,0.547
100,4009,0.095,0.067,0.237,0.049,0.553
101,4011,0.111,0.089,0.167,0.089,0.544
102,4012,0.031,0.064,0.162,0.173,0.57
103,4013,0.023,0.025,0.059,0.158,0.734
104,4015,0.051,0.096,0.104,0.164,0.585
105,4017,0.091,0.108,0.059,0.139,0.602
106,4019,0.023,0.024,0.073,0.121,0.759
107,4021,0.033,0.055,0.096,0.148,0.667
108,4023,0.028,0.002,0.058,0.074,0.837
109,4025,0.031,0.073,0.081,0.176,0.639
110,4027,0.008,0.013,0.046,0.129,0.804
111,5001,0.019,0.073,0.134,0.216,0.557
112,5003,0.023,0.103,0.163,0.117,0.595
113,5005,0.15,0.104,0.108,0.104,0.534
114,5007,0.081,0.034,0.083,0.16,0.643
115,5009,0.129,0.145,0.122,0.189,0.416
116,5011,0.094,0.102,0.175,0.184,0.445
117,5013,0.145,0.132,0.108,0.211,0.404
118,5015,0.111,0.068,0.115,0.129,0.577
119,5017,0.104,0.074,0.193,0.097,0.531
120,5019,0.08,0.091,0.08,0.231,0.518
121,5021,0.082,0.124,0.157,0.242,0.395
122,5023,0.036,0.065,0.093,0.259,0.546
123,5025,0.107,0.03,0.16,0.231,0.472
124,5027,0.241,0.072,0.054,0.25,0.383
125,5029,0.071,0.12,0.137,0.347,0.325
126,5031,0.078,0.123,0.138,0.341,0.32
127,5033,0.155,0.1,0.167,0.211,0.367
128,5035,0.059,0.017,0.11,0.306,0.508
129,5037,0.097,0.017,0.163,0.319,0.404
130,5039,0.197,0.055,0.093,0.196,0.459
131,5041,0.078,0.033,0.19,0.189,0.509
132,5043,0.063,0.049,0.207,0.159,0.523
133,5045,0.066,0.027,0.077,0.403,0.426
134,5047,0.149,0.079,0.245,0.187,0.34
135,5049,0.105,0.121,0.226,0.197,0.351
136,5051,0.025,0.102,0.068,0.21,0.596
137,5053,0.082,0.043,0.127,0.258,0.489
138,5055,0.062,0.141,0.154,0.346,0.297
139,5057,0.098,0.073,0.096,0.179,0.554
140,5059,0.059,0.086,0.079,0.216,0.56
141,5061,0.081,0.07,0.145,0.145,0.56
142,5063,0.137,0.156,0.088,0.179,0.44
143,5065,0.086,0.121,0.133,0.23,0.43
144,5067,0.116,0.103,0.135,0.179,0.468
145,5069,0.042,0.036,0.172,0.173,0.577
146,5071,0.144,0.103,0.205,0.221,0.328
147,5073,0.12,0.082,0.078,0.234,0.486
148,5075,0.085,0.128,0.153,0.298,0.337
149,5077,0.103,0.032,0.195,0.263,0.407
150,5079,0.035,0.016,0.194,0.201,0.554
151,5081,0.074,0.121,0.106,0.201,0.499
152,5083,0.148,0.11,0.12,0.143,0.479
153,5085,0.048,0.045,0.136,0.297,0.474
154,5087,0.075,0.088,0.159,0.114,0.564
155,5089,0.171,0.112,0.119,0.108,0.49
156,5091,0.064,0.124,0.106,0.219,0.487
157,5093,0.033,0.109,0.134,0.284,0.44
158,5095,0.068,0.128,0.127,0.271,0.406
159,5097,0.081,0.095,0.136,0.166,0.521
160,5099,0.143,0.048,0.084,0.224,0.501
161,5101,0.107,0.14,0.084,0.261,0.408
162,5103,0.151,0.097,0.06,0.242,0.449
163,5105,0.098,0.051,0.08,0.367,0.404
164,5107,0.052,0.061,0.134,0.276,0.477
165,5109,0.064,0.061,0.2,0.176,0.501
166,5111,0.077,0.098,0.141,0.287,0.397
167,5113,0.18,0.08,0.217,0.076,0.446
168,5115,0.082,0.151,0.181,0.285,0.302
169,5117,0.062,0.17,0.103,0.273,0.391
170,5119,0.028,0.027,0.126,0.175,0.644
171,5121,0.051,0.145,0.203,0.289,0.311
172,5123,0.087,0.007,0.289,0.267,0.35
173,5125,0.066,0.044,0.154,0.212,0.524
174,5127,0.155,0.14,0.124,0.123,0.458
175,5129,0.1,0.088,0.125,0.149,0.538
176,5131,0.121,0.142,0.157,0.208,0.372
177,5133,0.12,0.093,0.155,0.165,0.467
178,5135,0.067,0.158,0.22,0.222,0.333
179,5137,0.067,0.092,0.11,0.234,0.498
180,5139,0.116,0.179,0.098,0.262,0.344
181,5141,0.033,0.06,0.096,0.272,0.539
182,5143,0.034,0.028,0.101,0.186,0.651
183,5145,0.026,0.054,0.152,0.277,0.491
184,5147,0.059,0.048,0.208,0.231,0.454
185,5149,0.116,0.1,0.112,0.198,0.474
186,6001,0.019,0.008,0.055,0.123,0.795
187,6003,0.025,0.085,0.088,0.19,0.612
188,6005,0.045,0.013,0.099,0.188,0.655
189,6007,0.015,0.043,0.111,0.204,0.626
190,6009,0.045,0.019,0.098,0.276,0.562
191,6011,0.027,0.031,0.092,0.151,0.7
192,6013,0.018,0.016,0.039,0.121,0.806
193,6015,0.01,0.135,0.112,0.196,0.547
194,6017,0.028,0.042,0.072,0.183,0.675
195,6019,0.021,0.022,0.059,0.156,0.741
196,6021,0.028,0.026,0.146,0.206,0.594
197,6023,0.042,0.006,0.018,0.069,0.865
198,6025,0.001,0.005,0.03,0.128,0.836
199,6027,0.033,0.011,0.008,0.058,0.889
200,6029,0.022,0.028,0.105,0.177,0.668
201,6031,0.075,0.016,0.049,0.094,0.766
202,6033,0.003,0.004,0.007,0.136,0.849
203,6035,0.064,0.068,0.162,0.225,0.482
204,6037,0.021,0.013,0.049,0.131,0.786
205,6039,0.019,0.059,0.048,0.124,0.751
206,6041,0.011,0.0,0.046,0.141,0.802
207,6043,0.01,0.094,0.049,0.186,0.661
208,6045,0.002,0.003,0.004,0.222,0.77
209,6047,0.026,0.036,0.089,0.146,0.703
210,6049,0.068,0.019,0.095,0.204,0.615
211,6051,0.011,0.026,0.012,0.07,0.88
212,6053,0.023,0.006,0.066,0.141,0.763
213,6055,0.017,0.026,0.033,0.149,0.773
214,6057,0.003,0.054,0.084,0.177,0.682
215,6059,0.023,0.021,0.046,0.156,0.754
216,6061,0.012,0.023,0.072,0.201,0.693
217,6063,0.063,0.067,0.053,0.146,0.671
218,6065,0.026,0.014,0.041,0.116,0.803
219,6067,0.025,0.028,0.062,0.164,0.722
220,6069,0.018,0.004,0.063,0.175,0.739
221,6071,0.027,0.022,0.048,0.134,0.768
222,6073,0.017,0.023,0.034,0.126,0.8
223,6075,0.017,0.011,0.035,0.121,0.817
224,6077,0.054,0.019,0.081,0.165,0.68
225,6079,0.025,0.024,0.037,0.169,0.745
226,6081,0.016,0.013,0.058,0.126,0.786
227,6083,0.015,0.02,0.075,0.153,0.737
228,6085,0.015,0.014,0.04,0.168,0.764
229,6087,0.008,0.0,0.086,0.109,0.797
230,6089,0.095,0.056,0.071,0.232,0.547
231,6091,0.14,0.053,0.047,0.143,0.617
232,6093,0.132,0.074,0.082,0.167,0.546
233,6095,0.043,0.046,0.035,0.148,0.728
234,6097,0.022,0.012,0.022,0.149,0.795
235,6099,0.032,0.028,0.062,0.173,0.705
236,6101,0.058,0.031,0.08,0.163,0.669
237,6103,0.057,0.062,0.141,0.195,0.545
238,6105,0.081,0.07,0.055,0.201,0.592
239,6107,0.025,0.039,0.115,0.136,0.685
240,6109,0.008,0.043,0.084,0.212,0.653
241,6111,0.024,0.011,0.033,0.156,0.777
242,6113,0.007,0.005,0.04,0.156,0.791
243,6115,0.057,0.035,0.071,0.167,0.669
244,8001,0.032,0.027,0.071,0.185,0.685
245,8003,0.052,0.133,0.094,0.228,0.493
246,8005,0.013,0.026,0.065,0.193,0.703
247,8007,0.041,0.041,0.155,0.276,0.488
248,8009,0.113,0.053,0.194,0.206,0.435
249,8011,0.033,0.036,0.172,0.191,0.567
250,8013,0.008,0.015,0.032,0.195,0.75
251,8014,0.018,0.005,0.042,0.201,0.734
252,8015,0.038,0.045,0.134,0.138,0.645
253,8017,0.016,0.187,0.106,0.398,0.292
254,8019,0.002,0.015,0.138,0.123,0.723
255,8021,0.06,0.106,0.093,0.195,0.545
256,8023,0.034,0.072,0.076,0.175,0.644
257,8025,0.002,0.034,0.08,0.294,0.59
258,8027,0.017,0.098,0.153,0.234,0.498
259,8029,0.087,0.094,0.074,0.295,0.45
260,8031,0.02,0.018,0.062,0.194,0.707
261,8033,0.052,0.039,0.066,0.252,0.591
262,8035,0.013,0.041,0.081,0.192,0.673
263,8037,0.008,0.003,0.033,0.269,0.687
264,8039,0.016,0.044,0.19,0.246,0.505
265,8041,0.031,0.089,0.081,0.196,0.603
266,8043,0.006,0.069,0.062,0.2,0.663
267,8045,0.065,0.04,0.037,0.326,0.532
268,8047,0.001,0.027,0.017,0.17,0.785
269,8049,0.006,0.002,0.05,0.187,0.754
270,8051,0.057,0.039,0.043,0.281,0.581
271,8053,0.043,0.05,0.117,0.271,0.519
272,8055,0.028,0.051,0.051,0.275,0.595
273,8057,0.021,0.027,0.09,0.342,0.52
274,8059,0.028,0.031,0.075,0.194,0.673
275,8061,0.028,0.051,0.159,0.27,0.492
276,8063,0.024,0.323,0.119,0.344,0.19
277,8065,0.002,0.016,0.036,0.193,0.753
278,8067,0.043,0.02,0.122,0.274,0.541
279,8069,0.013,0.037,0.06,0.231,0.659
280,8071,0.052,0.03,0.101,0.17,0.648
281,8073,0.013,0.068,0.196,0.403,0.321
282,8075,0.078,0.202,0.101,0.368,0.251
283,8077,0.075,0.105,0.098,0.222,0.499
284,8079,0.049,0.072,0.138,0.264,0.478
285,8081,0.041,0.142,0.162,0.284,0.371
286,8083,0.057,0.019,0.081,0.257,0.586
287,8085,0.085,0.092,0.074,0.314,0.436
288,8087,0.083,0.161,0.116,0.245,0.396
289,8089,0.004,0.047,0.102,0.194,0.653
290,8091,0.06,0.08,0.069,0.295,0.495
291,8093,0.021,0.018,0.103,0.137,0.722
292,8095,0.05,0.19,0.137,0.255,0.368
293,8097,0.019,0.014,0.016,0.318,0.633
294,8099,0.079,0.046,0.205,0.201,0.469
295,8101,0.018,0.044,0.074,0.28,0.584
296,8103,0.111,0.092,0.074,0.265,0.458
297,8105,0.061,0.144,0.11,0.242,0.444
298,8107,0.008,0.036,0.092,0.375,0.489
299,8109,0.065,0.122,0.138,0.232,0.443
300,8111,0.032,0.038,0.097,0.27,0.563
301,8113,0.043,0.058,0.074,0.26,0.565
302,8115,0.065,0.162,0.138,0.267,0.368
303,8117,0.0,0.001,0.064,0.151,0.784
304,8119,0.105,0.087,0.066,0.145,0.597
305,8121,0.077,0.208,0.101,0.303,0.31
306,8123,0.046,0.038,0.135,0.231,0.55
307,8125,0.038,0.284,0.133,0.255,0.29
308,9001,0.027,0.019,0.06,0.114,0.78
309,9003,0.015,0.023,0.065,0.13,0.767
310,9005,0.017,0.051,0.021,0.098,0.812
311,9007,0.003,0.007,0.055,0.128,0.807
312,9009,0.023,0.014,0.053,0.115,0.795
313,9011,0.025,0.021,0.066,0.142,0.747
314,9013,0.008,0.008,0.027,0.147,0.81
315,9015,0.022,0.041,0.082,0.137,0.718
316,10001,0.026,0.006,0.106,0.051,0.811
317,10003,0.027,0.013,0.041,0.133,0.786
318,10005,0.005,0.001,0.035,0.103,0.856
319,11001,0.012,0.013,0.069,0.164,0.743
320,12001,0.001,0.024,0.053,0.17,0.751
321,12003,0.087,0.076,0.18,0.215,0.442
322,12005,0.065,0.109,0.076,0.202,0.548
323,12007,0.106,0.168,0.172,0.173,0.381
324,12009,0.068,0.073,0.096,0.157,0.607
325,12011,0.026,0.023,0.043,0.117,0.791
326,12013,0.034,0.055,0.138,0.267,0.507
327,12015,0.051,0.049,0.101,0.158,0.64
328,12017,0.09,0.036,0.087,0.178,0.609
329,12019,0.055,0.067,0.15,0.209,0.52
330,12021,0.04,0.023,0.067,0.212,0.658
331,12023,0.047,0.026,0.288,0.254,0.385
332,12027,0.023,0.064,0.056,0.142,0.715
333,12029,0.071,0.095,0.119,0.318,0.397
334,12031,0.049,0.042,0.086,0.194,0.629
335,12033,0.019,0.052,0.095,0.31,0.524
336,12035,0.079,0.05,0.113,0.157,0.602
337,12037,0.022,0.101,0.237,0.228,0.412
338,12039,0.06,0.033,0.104,0.227,0.575
339,12041,0.016,0.151,0.069,0.324,0.44
340,12043,0.047,0.082,0.098,0.096,0.677
341,12045,0.046,0.125,0.12,0.249,0.46
342,12047,0.101,0.071,0.235,0.227,0.365
343,12049,0.114,0.041,0.179,0.186,0.48
344,12051,0.046,0.042,0.112,0.15,0.65
345,12053,0.09,0.04,0.091,0.19,0.589
346,12055,0.025,0.056,0.145,0.138,0.635
347,12057,0.023,0.031,0.069,0.155,0.722
348,12059,0.17,0.077,0.081,0.111,0.562
349,12061,0.054,0.065,0.082,0.193,0.607
350,12063,0.064,0.108,0.129,0.174,0.526
351,12065,0.019,0.017,0.099,0.183,0.682
352,12067,0.102,0.081,0.22,0.208,0.389
353,12069,0.047,0.062,0.074,0.185,0.632
354,12071,0.052,0.05,0.073,0.176,0.648
355,12073,0.051,0.022,0.071,0.156,0.7
356,12075,0.017,0.132,0.072,0.187,0.592
357,12077,0.022,0.023,0.205,0.268,0.482
358,12079,0.164,0.085,0.148,0.264,0.34
359,12081,0.074,0.037,0.062,0.201,0.626
360,12083,0.046,0.087,0.121,0.203,0.543
361,12085,0.027,0.018,0.066,0.169,0.719
362,12086,0.032,0.023,0.06,0.128,0.756
363,12087,0.007,0.001,0.014,0.159,0.819
364,12089,0.09,0.07,0.147,0.223,0.47
365,12091,0.091,0.083,0.147,0.21,0.469
366,12093,0.016,0.034,0.064,0.171,0.715
367,12095,0.02,0.02,0.072,0.164,0.724
368,12097,0.025,0.022,0.058,0.176,0.72
369,12099,0.03,0.02,0.05,0.116,0.784
370,12101,0.027,0.029,0.055,0.179,0.709
371,12103,0.025,0.019,0.074,0.133,0.75
372,12105,0.05,0.063,0.085,0.172,0.63
373,12107,0.068,0.05,0.114,0.186,0.581
374,12109,0.047,0.071,0.097,0.223,0.561
375,12111,0.077,0.022,0.08,0.173,0.648
376,12113,0.047,0.068,0.166,0.265,0.453
377,12115,0.017,0.031,0.073,0.175,0.704
378,12117,0.037,0.039,0.066,0.141,0.717
379,12119,0.037,0.036,0.064,0.235,0.628
380,12121,0.105,0.055,0.244,0.227,0.369
381,12123,0.103,0.086,0.19,0.145,0.476
382,12125,0.044,0.04,0.176,0.267,0.473
383,12127,0.035,0.066,0.089,0.192,0.618
384,12129,0.032,0.092,0.172,0.275,0.429
385,12131,0.092,0.06,0.092,0.244,0.512
386,12133,0.138,0.085,0.062,0.158,0.557
387,13001,0.085,0.117,0.23,0.152,0.416
388,13003,0.059,0.1,0.179,0.217,0.445
389,13005,0.071,0.132,0.187,0.188,0.421
390,13007,0.027,0.048,0.054,0.127,0.743
391,13009,0.02,0.089,0.107,0.29,0.494
392,13011,0.136,0.103,0.125,0.238,0.399
393,13013,0.063,0.086,0.092,0.19,0.568
394,13015,0.215,0.05,0.123,0.143,0.47
395,13017,0.129,0.078,0.109,0.202,0.483
396,13019,0.073,0.098,0.156,0.214,0.46
397,13021,0.043,0.094,0.176,0.201,0.487
398,13023,0.089,0.031,0.117,0.256,0.508
399,13025,0.047,0.129,0.15,0.164,0.51
400,13027,0.092,0.165,0.124,0.235,0.385
401,13029,0.033,0.039,0.095,0.238,0.595
402,13031,0.053,0.049,0.163,0.31,0.424
403,13033,0.105,0.109,0.087,0.208,0.492
404,13035,0.125,0.037,0.144,0.163,0.53
405,13037,0.013,0.035,0.043,0.172,0.737
406,13039,0.136,0.125,0.17,0.113,0.456
407,13043,0.037,0.045,0.177,0.264,0.477
408,13045,0.089,0.133,0.154,0.168,0.457
409,13047,0.143,0.152,0.114,0.217,0.375
410,13049,0.065,0.094,0.15,0.196,0.495
411,13051,0.035,0.04,0.144,0.158,0.624
412,13053,0.061,0.072,0.108,0.214,0.545
413,13055,0.116,0.102,0.187,0.143,0.451
414,13057,0.049,0.054,0.1,0.213,0.584
415,13059,0.054,0.057,0.06,0.226,0.603
416,13061,0.028,0.066,0.12,0.223,0.562
417,13063,0.038,0.054,0.125,0.159,0.624
418,13065,0.06,0.058,0.134,0.168,0.58
419,13067,0.039,0.049,0.116,0.225,0.572
420,13069,0.085,0.124,0.164,0.222,0.404
421,13071,0.108,0.191,0.074,0.233,0.394
422,13073,0.061,0.064,0.095,0.234,0.547
423,13075,0.098,0.134,0.123,0.203,0.441
424,13077,0.105,0.053,0.183,0.204,0.455
425,13079,0.057,0.051,0.231,0.192,0.468
426,13081,0.119,0.023,0.06,0.163,0.635
427,13083,0.128,0.222,0.13,0.249,0.27
428,13085,0.049,0.09,0.128,0.162,0.571
429,13087,0.093,0.04,0.171,0.18,0.516
430,13089,0.036,0.028,0.075,0.156,0.704
431,13091,0.145,0.025,0.15,0.236,0.443
432,13093,0.077,0.034,0.058,0.204,0.627
433,13095,0.033,0.037,0.045,0.159,0.726
434,13097,0.083,0.037,0.09,0.198,0.591
435,13099,0.045,0.062,0.156,0.253,0.485
436,13101,0.097,0.073,0.182,0.202,0.446
437,13103,0.044,0.064,0.145,0.272,0.475
438,13105,0.132,0.177,0.081,0.107,0.503
439,13107,0.062,0.044,0.142,0.252,0.5
440,13109,0.03,0.078,0.229,0.29,0.372
441,13111,0.075,0.088,0.125,0.112,0.6
442,13113,0.06,0.086,0.131,0.218,0.505
443,13115,0.186,0.036,0.234,0.148,0.395
444,13117,0.035,0.048,0.083,0.193,0.641
445,13119,0.168,0.074,0.117,0.215,0.425
446,13121,0.026,0.036,0.089,0.187,0.662
447,13123,0.128,0.042,0.087,0.198,0.545
448,13125,0.156,0.066,0.107,0.13,0.541
449,13127,0.048,0.071,0.145,0.251,0.485
450,13129,0.172,0.1,0.201,0.157,0.369
451,13131,0.063,0.139,0.116,0.264,0.417
452,13133,0.062,0.046,0.057,0.176,0.658
453,13135,0.036,0.054,0.081,0.19,0.639
454,13137,0.063,0.1,0.116,0.292,0.43
455,13139,0.061,0.069,0.128,0.198,0.545
456,13141,0.043,0.111,0.102,0.168,0.575
457,13143,0.184,0.123,0.165,0.184,0.345
458,13145,0.093,0.081,0.061,0.213,0.551
459,13147,0.092,0.061,0.14,0.207,0.5
460,13149,0.126,0.094,0.166,0.144,0.471
461,13151,0.103,0.048,0.091,0.181,0.578
462,13153,0.032,0.079,0.136,0.172,0.581
463,13155,0.098,0.091,0.126,0.224,0.46
464,13157,0.125,0.085,0.117,0.24,0.434
465,13159,0.082,0.059,0.181,0.118,0.56
466,13161,0.124,0.138,0.165,0.183,0.39
467,13163,0.251,0.055,0.099,0.102,0.493
468,13165,0.114,0.053,0.084,0.261,0.488
469,13167,0.119,0.053,0.109,0.251,0.468
470,13169,0.049,0.087,0.226,0.209,0.43
471,13171,0.07,0.06,0.171,0.293,0.406
472,13173,0.102,0.07,0.145,0.181,0.502
473,13175,0.122,0.056,0.141,0.291,0.391
474,13177,0.035,0.033,0.039,0.162,0.732
475,13179,0.007,0.099,0.066,0.215,0.614
476,13181,0.073,0.104,0.111,0.233,0.479
477,13183,0.014,0.119,0.086,0.159,0.621
478,13185,0.108,0.101,0.149,0.208,0.435
479,13187,0.035,0.086,0.13,0.245,0.504
480,13189,0.072,0.053,0.123,0.265,0.488
481,13191,0.034,0.076,0.188,0.221,0.481
482,13193,0.078,0.049,0.113,0.21,0.55
483,13195,0.165,0.084,0.055,0.186,0.511
484,13197,0.084,0.12,0.167,0.196,0.433
485,13199,0.109,0.086,0.138,0.15,0.517
486,13201,0.064,0.056,0.182,0.159,0.539
487,13205,0.044,0.112,0.055,0.159,0.63
488,13207,0.072,0.035,0.184,0.253,0.455
489,13209,0.114,0.083,0.174,0.228,0.401
490,13211,0.061,0.064,0.093,0.168,0.614
491,13213,0.193,0.03,0.182,0.177,0.417
492,13215,0.063,0.073,0.083,0.225,0.555
493,13217,0.094,0.076,0.123,0.207,0.5
494,13219,0.049,0.063,0.095,0.181,0.611
495,13221,0.056,0.082,0.054,0.181,0.627
496,13223,0.097,0.068,0.108,0.233,0.494
497,13225,0.027,0.074,0.172,0.16,0.567
498,13227,0.038,0.118,0.101,0.188,0.555
499,13229,0.05,0.143,0.127,0.157,0.522
500,13231,0.059,0.06,0.147,0.192,0.542
501,13233,0.106,0.071,0.192,0.145,0.485
502,13235,0.079,0.031,0.098,0.218,0.575
503,13237,0.059,0.093,0.118,0.214,0.516
504,13239,0.053,0.15,0.095,0.163,0.538
505,13241,0.1,0.083,0.124,0.229,0.464
506,13243,0.016,0.065,0.05,0.2,0.669
507,13245,0.068,0.059,0.114,0.18,0.578
508,13247,0.058,0.078,0.115,0.216,0.534
509,13249,0.07,0.102,0.117,0.214,0.497
510,13251,0.198,0.069,0.081,0.242,0.41
511,13253,0.073,0.079,0.202,0.135,0.51
512,13255,0.072,0.038,0.179,0.202,0.509
513,13257,0.087,0.116,0.116,0.31,0.37
514,13259,0.055,0.092,0.133,0.203,0.517
515,13261,0.055,0.056,0.046,0.202,0.641
516,13263,0.168,0.08,0.089,0.171,0.492
517,13265,0.065,0.048,0.086,0.158,0.644
518,13267,0.051,0.076,0.214,0.224,0.434
519,13269,0.126,0.069,0.182,0.201,0.422
520,13271,0.156,0.075,0.134,0.208,0.427
521,13273,0.019,0.029,0.03,0.167,0.755
522,13275,0.026,0.096,0.12,0.228,0.53
523,13277,0.066,0.088,0.122,0.227,0.496
524,13279,0.097,0.069,0.179,0.226,0.429
525,13281,0.076,0.096,0.098,0.199,0.531
526,13283,0.096,0.07,0.168,0.267,0.399
527,13285,0.175,0.031,0.119,0.178,0.497
528,13287,0.141,0.042,0.094,0.175,0.547
529,13289,0.04,0.077,0.188,0.148,0.547
530,13291,0.065,0.119,0.087,0.168,0.56
531,13293,0.16,0.1,0.114,0.206,0.421
532,13295,0.144,0.164,0.117,0.21,0.366
533,13297,0.106,0.127,0.184,0.141,0.442
534,13299,0.061,0.108,0.109,0.166,0.556
535,13301,0.095,0.065,0.14,0.226,0.474
536,13303,0.104,0.07,0.053,0.157,0.617
537,13305,0.029,0.139,0.143,0.139,0.55
538,13307,0.019,0.064,0.103,0.21,0.603
539,13309,0.135,0.078,0.162,0.23,0.395
540,13311,0.057,0.064,0.099,0.347,0.433
541,13313,0.185,0.068,0.203,0.142,0.403
542,13315,0.173,0.017,0.083,0.157,0.569
543,13317,0.08,0.086,0.114,0.172,0.548
544,13319,0.039,0.062,0.141,0.224,0.534
545,13321,0.069,0.056,0.083,0.187,0.605
546,15001,0.01,0.032,0.037,0.122,0.799
547,15003,0.011,0.012,0.027,0.151,0.798
548,15005,0.026,0.013,0.032,0.08,0.85
549,15007,0.0,0.021,0.046,0.108,0.825
550,15009,0.034,0.016,0.025,0.122,0.803
551,16001,0.118,0.078,0.084,0.194,0.526
552,16003,0.094,0.216,0.218,0.218,0.254
553,16005,0.084,0.193,0.176,0.195,0.352
554,16007,0.151,0.12,0.102,0.243,0.385
555,16009,0.038,0.059,0.15,0.152,0.601
556,16011,0.095,0.197,0.175,0.229,0.304
557,16013,0.155,0.107,0.102,0.13,0.506
558,16015,0.057,0.038,0.038,0.549,0.318
559,16017,0.088,0.116,0.119,0.241,0.436
560,16019,0.096,0.202,0.188,0.247,0.268
561,16021,0.045,0.171,0.061,0.185,0.537
562,16023,0.107,0.213,0.159,0.222,0.298
563,16025,0.186,0.03,0.047,0.098,0.639
564,16027,0.113,0.095,0.17,0.24,0.381
565,16029,0.1,0.181,0.191,0.202,0.326
566,16031,0.134,0.223,0.102,0.149,0.392
567,16033,0.119,0.228,0.196,0.239,0.218
568,16035,0.037,0.112,0.127,0.25,0.475
569,16037,0.069,0.029,0.199,0.244,0.458
570,16039,0.206,0.044,0.038,0.173,0.539
571,16041,0.131,0.118,0.085,0.256,0.41
572,16043,0.111,0.206,0.202,0.247,0.233
573,16045,0.119,0.136,0.111,0.198,0.436
574,16047,0.211,0.202,0.089,0.153,0.345
575,16049,0.045,0.094,0.164,0.275,0.423
576,16051,0.099,0.208,0.192,0.249,0.252
577,16053,0.175,0.219,0.096,0.167,0.343
578,16055,0.146,0.105,0.17,0.22,0.359
579,16057,0.002,0.012,0.066,0.328,0.592
580,16059,0.109,0.173,0.231,0.125,0.362
581,16061,0.027,0.073,0.157,0.285,0.459
582,16063,0.18,0.2,0.105,0.135,0.379
583,16065,0.101,0.207,0.196,0.25,0.245
584,16067,0.134,0.219,0.106,0.152,0.39
585,16069,0.009,0.03,0.117,0.326,0.517
586,16071,0.083,0.173,0.153,0.185,0.406
587,16073,0.123,0.137,0.146,0.171,0.423
588,16075,0.081,0.199,0.174,0.242,0.304
589,16077,0.078,0.205,0.152,0.185,0.381
590,16079,0.068,0.144,0.299,0.147,0.342
591,16081,0.099,0.189,0.19,0.25,0.272
592,16083,0.166,0.222,0.101,0.177,0.335
593,16085,0.041,0.118,0.102,0.378,0.361
594,16087,0.136,0.13,0.324,0.172,0.239
595,17001,0.18,0.092,0.189,0.19,0.35
596,17003,0.11,0.082,0.148,0.262,0.398
597,17005,0.07,0.055,0.108,0.218,0.549
598,17007,0.025,0.006,0.065,0.244,0.66
599,17009,0.18,0.099,0.136,0.2,0.385
600,17011,0.012,0.019,0.156,0.208,0.605
601,17013,0.082,0.06,0.219,0.366,0.273
602,17015,0.03,0.064,0.12,0.19,0.596
603,17017,0.103,0.08,0.19,0.187,0.441
604,17019,0.0,0.067,0.08,0.192,0.661
605,17021,0.059,0.057,0.091,0.19,0.603
606,17023,0.127,0.089,0.107,0.226,0.451
607,17025,0.062,0.115,0.145,0.306,0.372
608,17027,0.102,0.063,0.083,0.166,0.587
609,17029,0.112,0.055,0.201,0.221,0.411
610,17031,0.023,0.021,0.072,0.162,0.722
611,17033,0.146,0.196,0.047,0.219,0.392
612,17035,0.095,0.075,0.194,0.212,0.424
613,17037,0.007,0.012,0.034,0.191,0.756
614,17039,0.035,0.106,0.073,0.28,0.507
615,17041,0.048,0.061,0.105,0.191,0.594
616,17043,0.01,0.01,0.056,0.163,0.76
617,17045,0.174,0.09,0.131,0.208,0.398
618,17047,0.086,0.148,0.233,0.306,0.228
619,17049,0.072,0.072,0.214,0.232,0.41
620,17051,0.069,0.076,0.156,0.229,0.47
621,17053,0.011,0.082,0.167,0.172,0.567
622,17055,0.099,0.166,0.119,0.211,0.405
623,17057,0.016,0.03,0.311,0.199,0.444
624,17059,0.201,0.06,0.128,0.238,0.373
625,17061,0.136,0.029,0.109,0.217,0.508
626,17063,0.056,0.056,0.105,0.183,0.599
627,17065,0.138,0.179,0.1,0.21,0.373
628,17067,0.147,0.154,0.125,0.163,0.411
629,17069,0.163,0.072,0.235,0.191,0.34
630,17071,0.096,0.044,0.101,0.155,0.604
631,17073,0.067,0.072,0.061,0.203,0.597
632,17075,0.097,0.168,0.069,0.242,0.424
633,17077,0.066,0.078,0.151,0.209,0.496
634,17079,0.099,0.135,0.131,0.254,0.38
635,17081,0.122,0.126,0.08,0.279,0.393
636,17083,0.074,0.079,0.124,0.185,0.537
637,17085,0.034,0.104,0.22,0.178,0.465
638,17087,0.124,0.05,0.189,0.141,0.496
639,17089,0.013,0.026,0.048,0.165,0.748
640,17091,0.044,0.084,0.096,0.249,0.527
641,17093,0.001,0.009,0.065,0.136,0.788
642,17095,0.035,0.031,0.194,0.246,0.494
643,17097,0.02,0.018,0.046,0.146,0.769
644,17099,0.018,0.046,0.113,0.267,0.556
645,17101,0.197,0.157,0.105,0.281,0.26
646,17103,0.013,0.054,0.058,0.224,0.65
647,17105,0.03,0.147,0.08,0.234,0.51
648,17107,0.046,0.045,0.23,0.128,0.551
649,17109,0.041,0.091,0.097,0.182,0.59
650,17111,0.03,0.012,0.066,0.176,0.716
651,17113,0.085,0.062,0.091,0.201,0.561
652,17115,0.016,0.062,0.088,0.286,0.549
653,17117,0.015,0.05,0.147,0.227,0.561
654,17119,0.035,0.045,0.083,0.189,0.648
655,17121,0.1,0.093,0.101,0.302,0.404
656,17123,0.048,0.083,0.133,0.198,0.538
657,17125,0.238,0.031,0.292,0.126,0.313
658,17127,0.097,0.043,0.232,0.256,0.373
659,17129,0.102,0.047,0.138,0.172,0.54
660,17131,0.039,0.066,0.11,0.215,0.571
661,17133,0.003,0.04,0.112,0.174,0.67
662,17135,0.018,0.05,0.091,0.316,0.525
663,17137,0.05,0.062,0.177,0.178,0.533
664,17139,0.081,0.073,0.213,0.243,0.39
665,17141,0.053,0.045,0.129,0.184,0.589
666,17143,0.039,0.036,0.096,0.251,0.577
667,17145,0.055,0.092,0.104,0.358,0.392
668,17147,0.003,0.052,0.06,0.198,0.688
669,17149,0.138,0.079,0.218,0.205,0.36
670,17151,0.104,0.054,0.213,0.214,0.415
671,17153,0.117,0.064,0.189,0.225,0.405
672,17155,0.021,0.025,0.168,0.251,0.535
673,17157,0.008,0.032,0.117,0.391,0.452
674,17159,0.111,0.151,0.107,0.3,0.331
675,17161,0.078,0.025,0.066,0.235,0.596
676,17163,0.032,0.027,0.037,0.138,0.767
677,17165,0.117,0.106,0.111,0.204,0.462
678,17167,0.017,0.03,0.155,0.233,0.564
679,17169,0.132,0.1,0.152,0.198,0.417
680,17171,0.113,0.057,0.148,0.162,0.52
681,17173,0.07,0.047,0.168,0.245,0.469
682,17175,0.013,0.101,0.058,0.155,0.672
683,17177,0.036,0.059,0.041,0.222,0.644
684,17179,0.044,0.04,0.141,0.215,0.56
685,17181,0.1,0.078,0.162,0.195,0.466
686,17183,0.023,0.119,0.088,0.266,0.504
687,17185,0.078,0.113,0.271,0.325,0.212
688,17187,0.042,0.02,0.141,0.276,0.522
689,17189,0.118,0.046,0.053,0.327,0.456
690,17191,0.086,0.142,0.128,0.3,0.345
691,17193,0.19,0.144,0.095,0.239,0.332
692,17195,0.025,0.066,0.042,0.218,0.649
693,17197,0.041,0.024,0.062,0.134,0.739
694,17199,0.095,0.122,0.136,0.183,0.464
695,17201,0.031,0.03,0.089,0.193,0.657
696,17203,0.062,0.067,0.112,0.242,0.517
697,18001,0.136,0.047,0.16,0.348,0.309
698,18003,0.07,0.14,0.099,0.228,0.464
699,18005,0.138,0.084,0.085,0.286,0.406
700,18007,0.082,0.126,0.112,0.183,0.496
701,18009,0.093,0.152,0.106,0.203,0.447
702,18011,0.052,0.085,0.142,0.308,0.413
703,18013,0.055,0.061,0.041,0.184,0.66
704,18015,0.059,0.104,0.17,0.22,0.447
705,18017,0.037,0.192,0.283,0.206,0.283
706,18019,0.068,0.06,0.141,0.228,0.501
707,18021,0.122,0.073,0.112,0.226,0.466
708,18023,0.088,0.033,0.132,0.285,0.462
709,18025,0.067,0.089,0.118,0.261,0.465
710,18027,0.049,0.061,0.13,0.214,0.546
711,18029,0.083,0.1,0.168,0.277,0.371
712,18031,0.175,0.083,0.101,0.204,0.437
713,18033,0.109,0.074,0.118,0.149,0.55
714,18035,0.095,0.109,0.124,0.197,0.475
715,18037,0.01,0.105,0.086,0.25,0.55
716,18039,0.03,0.097,0.094,0.252,0.528
717,18041,0.161,0.041,0.048,0.237,0.514
718,18043,0.053,0.086,0.154,0.233,0.474
719,18045,0.077,0.089,0.147,0.212,0.474
720,18047,0.07,0.082,0.104,0.199,0.545
721,18049,0.142,0.114,0.128,0.217,0.399
722,18051,0.09,0.1,0.204,0.255,0.351
723,18053,0.053,0.108,0.133,0.311,0.393
724,18055,0.099,0.027,0.081,0.235,0.558
725,18057,0.07,0.051,0.049,0.234,0.596
726,18059,0.068,0.04,0.166,0.306,0.42
727,18061,0.094,0.084,0.205,0.258,0.359
728,18063,0.054,0.052,0.113,0.257,0.523
729,18065,0.183,0.148,0.125,0.111,0.434
730,18067,0.008,0.083,0.183,0.301,0.426
731,18069,0.15,0.182,0.053,0.199,0.416
732,18071,0.097,0.098,0.105,0.388,0.312
733,18073,0.186,0.1,0.065,0.328,0.321
734,18075,0.141,0.139,0.157,0.235,0.328
735,18077,0.083,0.219,0.218,0.225,0.255
736,18079,0.095,0.105,0.172,0.308,0.319
737,18081,0.057,0.094,0.1,0.192,0.557
738,18083,0.158,0.125,0.121,0.259,0.338
739,18085,0.073,0.147,0.089,0.195,0.496
740,18087,0.059,0.082,0.171,0.236,0.452
741,18089,0.043,0.057,0.088,0.219,0.592
742,18091,0.084,0.075,0.168,0.206,0.466
743,18093,0.092,0.117,0.109,0.191,0.491
744,18095,0.062,0.084,0.15,0.145,0.559
745,18097,0.051,0.053,0.116,0.232,0.548
746,18099,0.12,0.103,0.159,0.229,0.389
747,18101,0.041,0.064,0.123,0.223,0.55
748,18103,0.054,0.125,0.253,0.226,0.343
749,18105,0.037,0.037,0.094,0.242,0.591
750,18107,0.07,0.116,0.168,0.156,0.49
751,18109,0.06,0.131,0.136,0.188,0.485
752,18111,0.102,0.153,0.092,0.338,0.316
753,18113,0.057,0.11,0.135,0.197,0.5
754,18115,0.06,0.078,0.18,0.223,0.459
755,18117,0.096,0.086,0.073,0.315,0.43
756,18119,0.094,0.038,0.087,0.282,0.5
757,18121,0.116,0.111,0.174,0.195,0.405
758,18123,0.01,0.109,0.087,0.252,0.542
759,18125,0.052,0.089,0.163,0.2,0.495
760,18127,0.05,0.1,0.108,0.231,0.512
761,18129,0.132,0.056,0.115,0.226,0.472
762,18131,0.135,0.219,0.171,0.253,0.223
763,18133,0.075,0.162,0.204,0.194,0.366
764,18135,0.128,0.13,0.228,0.179,0.336
765,18137,0.054,0.074,0.15,0.294,0.429
766,18139,0.133,0.118,0.063,0.279,0.408
767,18141,0.031,0.04,0.102,0.228,0.598
768,18143,0.036,0.073,0.168,0.263,0.46
769,18145,0.16,0.057,0.177,0.193,0.413
770,18147,0.017,0.134,0.104,0.216,0.529
771,18149,0.177,0.151,0.088,0.219,0.365
772,18151,0.04,0.089,0.17,0.169,0.532
773,18153,0.127,0.071,0.077,0.207,0.517
774,18155,0.089,0.125,0.209,0.234,0.344
775,18157,0.093,0.083,0.102,0.204,0.518
776,18159,0.033,0.082,0.089,0.444,0.352
777,18161,0.095,0.053,0.106,0.178,0.569
778,18163,0.07,0.039,0.115,0.234,0.542
779,18165,0.113,0.105,0.134,0.223,0.426
780,18167,0.118,0.064,0.102,0.25,0.466
781,18169,0.07,0.11,0.237,0.202,0.381
782,18171,0.079,0.115,0.092,0.223,0.492
783,18173,0.045,0.038,0.117,0.252,0.548
784,18175,0.097,0.074,0.062,0.356,0.411
785,18177,0.162,0.09,0.138,0.261,0.348
786,18179,0.205,0.05,0.077,0.337,0.332
787,18181,0.056,0.177,0.194,0.189,0.384
788,18183,0.061,0.186,0.132,0.16,0.46
789,19001,0.073,0.128,0.128,0.307,0.364
790,19003,0.148,0.11,0.15,0.311,0.281
791,19005,0.138,0.049,0.132,0.212,0.469
792,19007,0.044,0.11,0.239,0.193,0.413
793,19009,0.224,0.073,0.194,0.187,0.322
794,19011,0.098,0.067,0.13,0.2,0.504
795,19013,0.032,0.053,0.18,0.289,0.447
796,19015,0.09,0.08,0.1,0.197,0.533
797,19017,0.048,0.062,0.197,0.268,0.424
798,19019,0.021,0.124,0.087,0.394,0.373
799,19021,0.183,0.062,0.26,0.207,0.288
800,19023,0.052,0.094,0.208,0.23,0.417
801,19025,0.212,0.117,0.213,0.153,0.304
802,19027,0.153,0.11,0.241,0.139,0.358
803,19029,0.341,0.07,0.124,0.238,0.227
804,19031,0.026,0.096,0.142,0.355,0.381
805,19033,0.061,0.365,0.146,0.213,0.215
806,19035,0.183,0.105,0.221,0.182,0.309
807,19037,0.075,0.136,0.197,0.236,0.356
808,19039,0.078,0.167,0.143,0.194,0.418
809,19041,0.224,0.035,0.112,0.189,0.441
810,19043,0.123,0.084,0.137,0.284,0.371
811,19045,0.092,0.13,0.079,0.269,0.43
812,19047,0.089,0.045,0.141,0.064,0.66
813,19049,0.036,0.102,0.118,0.26,0.485
814,19051,0.038,0.101,0.249,0.201,0.411
815,19053,0.248,0.132,0.258,0.068,0.294
816,19055,0.035,0.137,0.137,0.408,0.283
817,19057,0.135,0.081,0.109,0.122,0.553
818,19059,0.276,0.027,0.091,0.173,0.433
819,19061,0.037,0.155,0.189,0.189,0.43
820,19063,0.241,0.083,0.067,0.181,0.428
821,19065,0.054,0.075,0.128,0.349,0.394
822,19067,0.063,0.271,0.148,0.25,0.268
823,19069,0.088,0.278,0.187,0.186,0.261
824,19071,0.048,0.061,0.071,0.209,0.611
825,19073,0.116,0.141,0.235,0.153,0.354
826,19075,0.038,0.042,0.203,0.238,0.48
827,19077,0.162,0.073,0.143,0.283,0.34
828,19079,0.143,0.118,0.129,0.153,0.457
829,19081,0.08,0.384,0.146,0.174,0.216
830,19083,0.074,0.075,0.195,0.214,0.441
831,19085,0.118,0.044,0.094,0.178,0.565
832,19087,0.123,0.142,0.091,0.183,0.461
833,19089,0.077,0.151,0.176,0.183,0.413
834,19091,0.243,0.268,0.147,0.102,0.24
835,19093,0.153,0.094,0.246,0.128,0.38
836,19095,0.027,0.149,0.135,0.239,0.45
837,19097,0.032,0.096,0.229,0.232,0.411
838,19099,0.102,0.105,0.233,0.212,0.347
839,19101,0.074,0.116,0.221,0.191,0.398
840,19103,0.014,0.044,0.069,0.2,0.673
841,19105,0.04,0.105,0.165,0.336,0.355
842,19107,0.035,0.126,0.287,0.28,0.272
843,19109,0.135,0.318,0.101,0.173,0.272
844,19111,0.17,0.146,0.131,0.161,0.392
845,19113,0.039,0.081,0.115,0.201,0.563
846,19115,0.097,0.058,0.15,0.214,0.482
847,19117,0.032,0.204,0.196,0.185,0.384
848,19119,0.078,0.173,0.157,0.247,0.344
849,19121,0.01,0.102,0.136,0.268,0.484
850,19123,0.069,0.067,0.294,0.283,0.287
851,19125,0.053,0.049,0.209,0.26,0.429
852,19127,0.077,0.064,0.153,0.226,0.48
853,19129,0.064,0.084,0.091,0.281,0.481
854,19131,0.046,0.282,0.149,0.26,0.263
855,19133,0.078,0.069,0.087,0.127,0.64
856,19135,0.034,0.078,0.256,0.247,0.385
857,19137,0.218,0.034,0.084,0.378,0.286
858,19139,0.12,0.022,0.221,0.273,0.364
859,19141,0.173,0.054,0.267,0.187,0.319
860,19143,0.195,0.051,0.233,0.199,0.322
861,19145,0.088,0.053,0.068,0.31,0.481
862,19147,0.199,0.116,0.088,0.179,0.419
863,19149,0.125,0.145,0.166,0.162,0.402
864,19151,0.214,0.124,0.162,0.165,0.335
865,19153,0.044,0.089,0.136,0.259,0.473
866,19155,0.115,0.083,0.147,0.264,0.39
867,19157,0.121,0.145,0.187,0.164,0.383
868,19159,0.144,0.138,0.281,0.162,0.275
869,19161,0.18,0.071,0.286,0.159,0.303
870,19163,0.075,0.027,0.126,0.277,0.494
871,19165,0.099,0.059,0.182,0.145,0.516
872,19167,0.12,0.06,0.285,0.2,0.335
873,19169,0.045,0.075,0.071,0.235,0.574
874,19171,0.066,0.053,0.209,0.181,0.491
875,19173,0.09,0.151,0.185,0.282,0.292
876,19175,0.03,0.125,0.172,0.21,0.462
877,19177,0.107,0.128,0.175,0.218,0.372
878,19179,0.034,0.082,0.293,0.221,0.37
879,19181,0.055,0.182,0.181,0.245,0.337
880,19183,0.035,0.102,0.123,0.151,0.589
881,19185,0.138,0.148,0.252,0.12,0.342
882,19187,0.209,0.167,0.161,0.101,0.362
883,19189,0.07,0.329,0.176,0.197,0.228
884,19191,0.122,0.044,0.151,0.177,0.505
885,19193,0.113,0.165,0.137,0.16,0.425
886,19195,0.072,0.271,0.175,0.231,0.251
887,19197,0.172,0.299,0.173,0.125,0.232
888,20001,0.153,0.212,0.126,0.167,0.341
889,20003,0.189,0.063,0.137,0.267,0.344
890,20005,0.137,0.122,0.169,0.256,0.316
891,20007,0.069,0.147,0.118,0.329,0.336
892,20009,0.107,0.131,0.12,0.211,0.43
893,20011,0.167,0.146,0.077,0.12,0.49
894,20013,0.089,0.149,0.183,0.197,0.382
895,20015,0.053,0.133,0.122,0.222,0.47
896,20017,0.151,0.082,0.212,0.225,0.331
897,20019,0.128,0.137,0.185,0.214,0.337
898,20021,0.131,0.121,0.164,0.174,0.41
899,20023,0.065,0.27,0.174,0.235,0.256
900,20025,0.163,0.13,0.126,0.232,0.348
901,20027,0.081,0.069,0.115,0.229,0.507
902,20029,0.154,0.077,0.118,0.217,0.434
903,20031,0.085,0.119,0.165,0.404,0.227
904,20033,0.112,0.144,0.128,0.271,0.346
905,20035,0.075,0.093,0.28,0.131,0.421
906,20037,0.108,0.143,0.118,0.139,0.492
907,20039,0.163,0.118,0.211,0.235,0.273
908,20041,0.106,0.118,0.148,0.243,0.385
909,20043,0.137,0.193,0.184,0.214,0.272
910,20045,0.006,0.009,0.024,0.227,0.734
911,20047,0.052,0.086,0.135,0.221,0.506
912,20049,0.061,0.05,0.295,0.282,0.312
913,20051,0.154,0.154,0.224,0.148,0.32
914,20053,0.174,0.133,0.133,0.187,0.373
915,20055,0.166,0.089,0.163,0.239,0.343
916,20057,0.143,0.084,0.143,0.232,0.399
917,20059,0.063,0.06,0.159,0.354,0.364
918,20061,0.05,0.068,0.113,0.27,0.499
919,20063,0.24,0.089,0.234,0.151,0.287
920,20065,0.218,0.156,0.247,0.129,0.25
921,20067,0.14,0.108,0.15,0.231,0.37
922,20069,0.158,0.092,0.146,0.24,0.364
923,20071,0.135,0.131,0.181,0.229,0.323
924,20073,0.034,0.079,0.256,0.302,0.33
925,20075,0.131,0.095,0.189,0.217,0.368
926,20077,0.079,0.118,0.21,0.193,0.4
927,20079,0.075,0.058,0.121,0.323,0.423
928,20081,0.153,0.107,0.137,0.239,0.364
929,20083,0.126,0.075,0.163,0.225,0.412
930,20085,0.01,0.116,0.161,0.136,0.577
931,20087,0.026,0.069,0.09,0.182,0.634
932,20089,0.171,0.142,0.087,0.259,0.34
933,20091,0.029,0.019,0.075,0.224,0.654
934,20093,0.155,0.098,0.172,0.229,0.346
935,20095,0.081,0.212,0.114,0.128,0.464
936,20097,0.062,0.107,0.128,0.233,0.469
937,20099,0.168,0.123,0.091,0.147,0.471
938,20101,0.197,0.075,0.197,0.204,0.326
939,20103,0.087,0.135,0.092,0.142,0.544
940,20105,0.171,0.132,0.16,0.163,0.375
941,20107,0.14,0.053,0.121,0.285,0.4
942,20109,0.206,0.131,0.194,0.189,0.28
943,20111,0.113,0.111,0.133,0.3,0.344
944,20113,0.12,0.065,0.106,0.313,0.396
945,20115,0.101,0.068,0.209,0.279,0.343
946,20117,0.048,0.049,0.233,0.263,0.407
947,20119,0.164,0.123,0.115,0.235,0.362
948,20121,0.071,0.044,0.095,0.25,0.54
949,20123,0.173,0.116,0.144,0.18,0.388
950,20125,0.164,0.132,0.102,0.195,0.407
951,20127,0.11,0.094,0.148,0.244,0.404
952,20129,0.12,0.113,0.144,0.218,0.405
953,20131,0.035,0.094,0.203,0.236,0.432
954,20133,0.133,0.204,0.12,0.127,0.416
955,20135,0.15,0.083,0.199,0.198,0.371
956,20137,0.161,0.163,0.177,0.225,0.275
957,20139,0.018,0.09,0.088,0.24,0.564
958,20141,0.174,0.233,0.163,0.136,0.293
959,20143,0.131,0.117,0.164,0.191,0.396
960,20145,0.053,0.096,0.137,0.217,0.497
961,20147,0.15,0.244,0.126,0.19,0.29
962,20149,0.012,0.057,0.145,0.236,0.55
963,20151,0.02,0.183,0.101,0.309,0.387
964,20153,0.128,0.174,0.209,0.22,0.268
965,20155,0.135,0.077,0.143,0.191,0.454
966,20157,0.183,0.073,0.076,0.295,0.373
967,20159,0.153,0.086,0.11,0.241,0.41
968,20161,0.03,0.05,0.124,0.261,0.535
969,20163,0.179,0.22,0.218,0.123,0.26
970,20165,0.11,0.122,0.182,0.183,0.403
971,20167,0.16,0.174,0.174,0.157,0.335
972,20169,0.126,0.133,0.175,0.209,0.357
973,20171,0.197,0.09,0.19,0.21,0.313
974,20173,0.06,0.055,0.126,0.26,0.499
975,20175,0.138,0.14,0.092,0.226,0.403
976,20177,0.009,0.078,0.095,0.184,0.633
977,20179,0.231,0.112,0.236,0.154,0.267
978,20181,0.1,0.27,0.159,0.24,0.231
979,20183,0.142,0.257,0.088,0.195,0.319
980,20185,0.041,0.125,0.109,0.252,0.472
981,20187,0.127,0.098,0.172,0.216,0.388
982,20189,0.122,0.132,0.112,0.225,0.408
983,20191,0.104,0.039,0.115,0.298,0.444
984,20193,0.188,0.157,0.208,0.184,0.263
985,20195,0.203,0.115,0.256,0.137,0.291
986,20197,0.011,0.077,0.12,0.201,0.591
987,20199,0.128,0.21,0.154,0.246,0.262
988,20201,0.148,0.075,0.111,0.234,0.432
989,20203,0.173,0.112,0.184,0.219,0.313
990,20205,0.125,0.148,0.145,0.184,0.398
991,20207,0.092,0.175,0.171,0.247,0.314
992,20209,0.025,0.056,0.076,0.178,0.665
993,21001,0.076,0.115,0.167,0.243,0.399
994,21003,0.101,0.072,0.097,0.211,0.519
995,21005,0.062,0.01,0.044,0.483,0.401
996,21007,0.107,0.033,0.198,0.257,0.404
997,21009,0.053,0.093,0.09,0.176,0.588
998,21011,0.076,0.058,0.084,0.339,0.443
999,21013,0.146,0.094,0.12,0.199,0.44
1000,21015,0.08,0.087,0.081,0.232,0.52
1001,21017,0.024,0.037,0.042,0.129,0.769
1002,21019,0.084,0.125,0.202,0.235,0.354
1003,21021,0.092,0.037,0.112,0.161,0.598
1004,21023,0.056,0.249,0.065,0.238,0.392
1005,21025,0.114,0.081,0.126,0.241,0.438
1006,21027,0.023,0.146,0.177,0.138,0.517
1007,21029,0.037,0.091,0.156,0.181,0.535
1008,21031,0.066,0.097,0.133,0.17,0.535
1009,21033,0.059,0.067,0.26,0.177,0.438
1010,21035,0.066,0.084,0.248,0.17,0.432
1011,21037,0.073,0.085,0.134,0.278,0.43
1012,21039,0.104,0.045,0.188,0.236,0.428
1013,21041,0.155,0.171,0.12,0.208,0.346
1014,21043,0.069,0.102,0.122,0.324,0.383
1015,21045,0.164,0.076,0.161,0.154,0.444
1016,21047,0.06,0.118,0.178,0.279,0.365
1017,21049,0.083,0.093,0.11,0.233,0.48
1018,21051,0.153,0.082,0.165,0.16,0.44
1019,21053,0.096,0.115,0.248,0.165,0.375
1020,21055,0.121,0.117,0.29,0.153,0.319
1021,21057,0.067,0.106,0.224,0.229,0.374
1022,21059,0.055,0.057,0.122,0.236,0.531
